make build --directory=src -s
 linking num object lib
 linking object lib
building exec src

| layer	|		split		|
|	|--------------------------------
|	|     1	|     2	|     4	|     8	| 
-----------------------------------------
|     1	|  71.7	|  45.6	|  36.3	|  31.7	|
|     2	|  38.3	|  27.1	|  23.6	|  24.0	|
|     3	|  30.3	|  23.6	|  21.7	|  23.0	|
|     4	|  48.5	|  34.4	|  26.3	|  24.3	|
|     5	|  39.4	|  26.7	|  23.8	|  22.8	|
|     6	|  35.1	|  25.9	|  23.2	|  23.8	|
|     7	|  43.4	|  29.3	|  23.8	|  22.9	|
|     8	|  39.1	|  27.3	|  22.9	|  22.3	|
|     9	|  35.9	|  25.3	|  22.0	|  22.5	|
|    10	|  41.4	|  27.6	|  23.0	|  22.7	|
|    11	|  38.9	|  26.9	|  22.3	|  22.6	|
|    12	|  38.0	|  25.7	|  22.2	|  22.0	|
|    13	|  41.3	|  27.4	|  23.0	|  22.2	|
|    14	|  38.6	|  25.9	|  22.0	|  21.9	|
|    15	|  37.3	|  26.3	|  22.6	|  22.9	|
|    16	|  40.0	|  28.0	|  24.9	|  24.4	|
|    17	|  41.2	|  29.0	|  24.0	|  23.8	|
|    18	|  40.2	|  29.3	|  24.6	|  23.5	|
|    19	|  41.7	|  29.8	|  25.6	|  23.7	|
